[[7.59254, -0.7713, 4.0, 0.09449],
[7.65917, -0.3535, 3.98379, 0.1062],
[7.69666, 0.15213, 3.96873, 0.12775],
[7.67861, 0.78098, 3.94828, 0.15934],
[7.60977, 1.29643, 3.93959, 0.132],
[7.51138, 1.73483, 3.93884, 0.11407],
[7.39065, 2.12611, 3.93884, 0.10396],
[7.25001, 2.4859, 3.93884, 0.09808],
[7.08993, 2.82313, 3.93884, 0.09477],
[6.90972, 3.14325, 3.93884, 0.09327],
[6.7081, 3.4497, 3.93884, 0.09313],
[6.48354, 3.74422, 3.95472, 0.09365],
[6.23491, 4.02695, 3.98684, 0.09444],
[5.9621, 4.29657, 4.0, 0.09589],
[5.66651, 4.55068, 4.0, 0.09745],
[5.35078, 4.78656, 4.0, 0.09853],
[5.01808, 5.00204, 4.0, 0.0991],
[4.67129, 5.19605, 4.0, 0.09934],
[4.31229, 5.36859, 4.0, 0.09958],
[3.94179, 5.52044, 4.0, 0.1001],
[3.55935, 5.65277, 4.0, 0.10117],
[3.16364, 5.76687, 4.0, 0.10296],
[2.75252, 5.8639, 4.0, 0.1056],
[2.32332, 5.94489, 4.0, 0.10919],
[1.87281, 6.01059, 4.0, 0.11382],
[1.39741, 6.06162, 4.0, 0.11953],
[0.89364, 6.09855, 4.0, 0.12628],
[0.35828, 6.12194, 4.0, 0.13397],
[-0.21048, 6.13268, 4.0, 0.14222],
[-0.81151, 6.13236, 4.0, 0.15026],
[-1.43887, 6.12366, 4.0, 0.15685],
[-2.03246, 6.11168, 4.0, 0.14843],
[-2.62273, 6.10036, 4.0, 0.1476],
[-3.20862, 6.08991, 3.46865, 0.16894],
[-3.78601, 6.08114, 2.99247, 0.19297],
[-4.35136, 6.07477, 2.66798, 0.21191],
[-4.90184, 6.07138, 2.42863, 0.22667],
[-5.29785, 6.0541, 2.2413, 0.17686],
[-5.62384, 6.0208, 2.08965, 0.15681],
[-5.90096, 5.97154, 1.95871, 0.1437],
[-6.14198, 5.90674, 1.84814, 0.13504],
[-6.35427, 5.82668, 1.84814, 0.12276],
[-6.54201, 5.73152, 1.84814, 0.11389],
[-6.7074, 5.62117, 1.84814, 0.10758],
[-6.85126, 5.49521, 1.84814, 0.10346],
[-6.97314, 5.35257, 1.84814, 0.10152],
[-7.0713, 5.19087, 2.06302, 0.09169],
[-7.14972, 5.01208, 2.2102, 0.08833],
[-7.20915, 4.81526, 2.38761, 0.08611],
[-7.24952, 4.59804, 2.61135, 0.08461],
[-7.26995, 4.35593, 2.90856, 0.08354],
[-7.26845, 4.08059, 3.32985, 0.08269],
[-7.24078, 3.75539, 4.0, 0.08159],
[-7.17735, 3.34295, 4.0, 0.10432],
[-7.05469, 2.75085, 4.0, 0.15117],
[-6.87644, 1.95009, 4.0, 0.20509],
[-6.70172, 1.14865, 4.0, 0.20507],
[-6.53079, 0.34919, 4.0, 0.20438],
[-6.36375, -0.44604, 4.0, 0.20315],
[-6.20058, -1.23539, 4.0, 0.20151],
[-6.04116, -2.01773, 3.47739, 0.2296],
[-5.88531, -2.7923, 2.97887, 0.26523],
[-5.76993, -3.37127, 2.65245, 0.22257],
[-5.66194, -3.88674, 2.42997, 0.21673],
[-5.55653, -4.3159, 2.26454, 0.19515],
[-5.45252, -4.64892, 2.13629, 0.16331],
[-5.34953, -4.90778, 2.03907, 0.13663],
[-5.24531, -5.11651, 1.9663, 0.11865],
[-5.13833, -5.28949, 1.91313, 0.10631],
[-5.02768, -5.43515, 1.87872, 0.09737],
[-4.91286, -5.55844, 1.8577, 0.09069],
[-4.79357, -5.66225, 1.85093, 0.08544],
[-4.66973, -5.74834, 1.85093, 0.08149],
[-4.54137, -5.81764, 1.85093, 0.07881],
[-4.40868, -5.87058, 1.85093, 0.07718],
[-4.272, -5.9072, 1.85093, 0.07645],
[-4.13179, -5.92719, 1.85093, 0.07652],
[-3.98869, -5.93006, 1.85968, 0.07696],
[-3.84353, -5.91515, 1.88314, 0.07749],
[-3.69731, -5.88176, 1.9129, 0.07841],
[-3.55123, -5.829, 1.95498, 0.07945],
[-3.40666, -5.75591, 2.00803, 0.08067],
[-3.26519, -5.66146, 2.07044, 0.08216],
[-3.12857, -5.54447, 2.15227, 0.08357],
[-2.99868, -5.40373, 2.24259, 0.0854],
[-2.87755, -5.2375, 2.36034, 0.08714],
[-2.76725, -5.04353, 2.49203, 0.08954],
[-2.67011, -4.81794, 2.65281, 0.09259],
[-2.58899, -4.55391, 2.85711, 0.09667],
[-2.52804, -4.23867, 3.10143, 0.10353],
[-2.49568, -3.84526, 3.41786, 0.11549],
[-2.51219, -3.32961, 3.84298, 0.13425],
[-2.56749, -2.89494, 4.0, 0.10954],
[-2.64246, -2.50073, 4.0, 0.10032],
[-2.73446, -2.11648, 4.0, 0.09878],
[-2.84327, -1.73118, 4.0, 0.10009],
[-2.96872, -1.33891, 4.0, 0.10296],
[-3.11008, -0.93672, 3.36764, 0.12659],
[-3.2656, -0.52409, 2.82475, 0.15611],
[-3.43212, -0.10266, 2.48034, 0.18269],
[-3.60526, 0.32426, 2.23716, 0.20593],
[-3.73197, 0.65278, 2.05283, 0.17152],
[-3.82706, 0.94071, 1.90531, 0.15915],
[-3.88984, 1.19001, 1.78413, 0.1441],
[-3.92482, 1.40808, 1.681, 0.13138],
[-3.93652, 1.60112, 1.59103, 0.12156],
[-3.9285, 1.77348, 1.51201, 0.11412],
[-3.90343, 1.92802, 1.44075, 0.10867],
[-3.86329, 2.06656, 1.38366, 0.10425],
[-3.80951, 2.19017, 1.38366, 0.09742],
[-3.74313, 2.29931, 1.38366, 0.09232],
[-3.66485, 2.3939, 1.38366, 0.08873],
[-3.57511, 2.47328, 1.38366, 0.08659],
[-3.47404, 2.53603, 1.38366, 0.08598],
[-3.36172, 2.57991, 1.58463, 0.0761],
[-3.24117, 2.60812, 1.65616, 0.07476],
[-3.11298, 2.62035, 1.73661, 0.07416],
[-2.9774, 2.61584, 1.82811, 0.0742],
[-2.8344, 2.59334, 1.93421, 0.07484],
[-2.68356, 2.55095, 2.05886, 0.0761],
[-2.52386, 2.48574, 2.2091, 0.07809],
[-2.35319, 2.39303, 2.39101, 0.08123],
[-2.16696, 2.26416, 2.62257, 0.08635],
[-1.95333, 2.07919, 2.93097, 0.09641],
[-1.66172, 1.75655, 3.37141, 0.129],
[-1.48726, 1.5229, 3.74824, 0.07779],
[-1.35921, 1.33038, 4.0, 0.05781],
[-1.25278, 1.15579, 4.0, 0.05112],
[-1.15937, 0.99151, 3.40339, 0.05553],
[-1.07459, 0.83382, 2.7936, 0.06409],
[-0.99572, 0.68051, 2.42408, 0.07112],
[-0.92085, 0.53013, 2.1706, 0.07739],
[-0.84851, 0.38156, 1.98071, 0.08343],
[-0.7852, 0.25786, 1.83152, 0.07587],
[-0.72072, 0.14188, 1.70611, 0.07777],
[-0.6538, 0.03418, 1.60141, 0.07918],
[-0.58321, -0.06514, 1.51186, 0.0806],
[-0.50792, -0.15592, 1.43157, 0.08238],
[-0.42711, -0.23773, 1.42479, 0.08071],
[-0.34011, -0.30984, 1.42479, 0.07931],
[-0.24637, -0.37112, 1.42479, 0.07861],
[-0.14543, -0.42001, 1.42479, 0.07872],
[-0.03692, -0.45432, 1.42479, 0.07987],
[0.07937, -0.47083, 1.42479, 0.08244],
[0.20267, -0.4668, 1.51048, 0.08167],
[0.33123, -0.44127, 1.56472, 0.08376],
[0.4635, -0.39165, 1.62231, 0.08708],
[0.59743, -0.31433, 1.6845, 0.09181],
[0.72994, -0.20447, 1.75253, 0.09822],
[0.85583, -0.05614, 1.82934, 0.10635],
[0.96588, 0.13522, 1.91307, 0.11539],
[1.04535, 0.36162, 2.00595, 0.11962],
[1.08301, 0.58305, 2.11097, 0.1064],
[1.08931, 0.76681, 2.23153, 0.08239],
[1.08003, 0.91378, 2.3708, 0.06212],
[1.06249, 1.0427, 2.53975, 0.05123],
[1.03803, 1.16751, 2.75045, 0.04624],
[1.00603, 1.29612, 3.01025, 0.04403],
[0.96592, 1.43154, 3.35898, 0.04205],
[0.9177, 1.57425, 3.0877, 0.04879],
[0.86146, 1.72415, 2.47349, 0.06472],
[0.79779, 1.88059, 2.11995, 0.07967],
[0.72783, 2.04244, 1.88454, 0.09356],
[0.65339, 2.20809, 1.71146, 0.10612],
[0.57981, 2.38353, 1.57715, 0.12062],
[0.5187, 2.55639, 1.47015, 0.12471],
[0.47532, 2.72297, 1.37754, 0.12496],
[0.45202, 2.88048, 1.3, 0.12248],
[0.44898, 3.02737, 1.3, 0.11301],
[0.46545, 3.16282, 1.3, 0.10496],
[0.5005, 3.28623, 1.3, 0.09869],
[0.55352, 3.39687, 1.3, 0.09437],
[0.62452, 3.49342, 1.3, 0.09219],
[0.71437, 3.57357, 1.34959, 0.08921],
[0.82185, 3.63673, 1.45491, 0.08569],
[0.94599, 3.68253, 1.552, 0.08526],
[1.08754, 3.70908, 1.67114, 0.08618],
[1.24849, 3.71318, 1.82008, 0.08846],
[1.43273, 3.68951, 2.01358, 0.09225],
[1.64761, 3.62878, 2.28378, 0.09777],
[1.90783, 3.51316, 2.68994, 0.10586],
[2.24872, 3.30088, 3.31724, 0.12106],
[2.77816, 2.86167, 3.06588, 0.22438],
[3.32522, 2.34149, 2.86252, 0.26371],
[3.65045, 1.97634, 2.68793, 0.18192],
[3.88318, 1.67034, 2.53991, 0.15136],
[4.05978, 1.3957, 2.53991, 0.12856],
[4.19621, 1.1396, 2.53991, 0.11424],
[4.30061, 0.89462, 2.53991, 0.10485],
[4.37731, 0.65553, 2.53991, 0.09886],
[4.42807, 0.4178, 2.53991, 0.09571],
[4.45235, 0.17606, 2.77636, 0.08751],
[4.45399, -0.07379, 2.95588, 0.08453],
[4.43319, -0.33555, 3.16864, 0.08287],
[4.38873, -0.61357, 3.43105, 0.08206],
[4.31792, -0.91348, 2.98736, 0.10315],
[4.21624, -1.24306, 2.54827, 0.13535],
[4.07666, -1.61357, 2.25858, 0.1753],
[3.88901, -2.04114, 2.04863, 0.22792],
[3.58835, -2.64582, 1.88587, 0.35809],
[3.46951, -2.96427, 1.75103, 0.19412],
[3.40648, -3.19976, 1.64052, 0.1486],
[3.37497, -3.39174, 1.54636, 0.12581],
[3.36515, -3.556, 1.46253, 0.11251],
[3.37211, -3.70048, 1.38984, 0.10407],
[3.39315, -3.82962, 1.36104, 0.09614],
[3.42686, -3.94604, 1.36104, 0.08905],
[3.4726, -4.05125, 1.36104, 0.08429],
[3.53046, -4.14598, 1.36104, 0.08156],
[3.60132, -4.23017, 1.36104, 0.08086],
[3.68715, -4.30283, 1.36104, 0.08263],
[3.79072, -4.36202, 1.60836, 0.07417],
[3.90951, -4.40938, 1.70071, 0.07519],
[4.04509, -4.44312, 1.80644, 0.07734],
[4.19989, -4.46043, 1.93397, 0.08054],
[4.37738, -4.45704, 2.09, 0.08494],
[4.58268, -4.42641, 2.28657, 0.09078],
[4.8236, -4.35808, 2.54425, 0.09843],
[5.11336, -4.23411, 2.91232, 0.10822],
[5.47846, -4.01934, 3.49029, 0.12136],
[5.83604, -3.7553, 3.68875, 0.1205],
[6.13706, -3.48744, 3.74021, 0.10773],
[6.39443, -3.21802, 3.78252, 0.0985],
[6.61833, -2.94583, 3.82196, 0.09222],
[6.8154, -2.66925, 3.8573, 0.08804],
[6.98994, -2.38646, 3.88779, 0.08548],
[7.14479, -2.09538, 3.91721, 0.08417],
[7.2818, -1.79332, 3.94397, 0.0841],
[7.40205, -1.47653, 3.96868, 0.08538],
[7.50586, -1.13919, 3.99126, 0.08843]]